0.01736083984375	0.0102734375	1.00544189453125
0.0670556640625	0.007333984375	1.00369384765625
0.107578125	0.00552001953125	1.00043701171875
0.16638671875	0.0045849609375	0.99280029296875
0.2561083984375	0.004228515625	0.97403076171875
0.35123291015625	0.00083984375	0.9447607421875
0.45155517578125	-0.001767578125	0.902080078125
0.544580078125	-0.00616455078125	0.850009765625
0.62305908203125	-0.00634765625	0.79510986328125
0.6873828125	-0.0085400390625	0.7406005859375
0.74341552734375	-0.01287841796875	0.68490478515625
0.79577880859375	-0.01569580078125	0.6234765625
0.846513671875	-0.020771484375	0.55304443359375
0.882802734375	-0.02463134765625	0.49283935546875
0.91868408203125	-0.02532958984375	0.42207275390625
0.9413818359375	-0.026962890625	0.36826416015625
0.9632666015625	-0.029072265625	0.3059716796875
0.97939453125	-0.02945556640625	0.24860595703125
0.9903857421875	-0.031787109375	0.19854248046875
1.00078125	-0.03231689453125	0.13317138671875
1.00779052734375	-0.0341845703125	0.04658203125
-0.0011376953125	0.01373779296875	1.00496826171875
-0.00016357421875	0.06396728515625	1.00237060546875
0.00150634765625	0.1030322265625	0.9985546875
0.000634765625	0.16404541015625	0.98926513671875
0.0063671875	0.27856689453125	0.96142578125
0.0055224609375	0.396640625	0.9167431640625
-0.00043701171875	0.50087646484375	0.8620556640625
0.00103515625	0.58412841796875	0.80591064453125
0.00763427734375	0.651630859375	0.75046142578125
0.0073095703125	0.71080322265625	0.69326904296875
0.01159423828125	0.76537109375	0.630146484375
0.012421875	0.8172265625	0.5590869140625
0.01358154296875	0.854423828125	0.498603515625
0.0141064453125	0.8912109375	0.42688720703125
0.01529541015625	0.91444580078125	0.37285888671875
0.016416015625	0.937099609375	0.3094677734375
0.01603759765625	0.9535546875	0.25138916015625
0.01431640625	0.9636865234375	0.2076904296875
0.0160546875	0.9750537109375	0.13951171875
0.0162060546875	0.9829345703125	0.05125
0.01260009765625	0.0011767578125	1.00623046875
0.04643310546875	0.03510009765625	1.004443359375
0.07441650390625	0.063623046875	1.0010205078125
0.1155224609375	0.10838134765625	0.992900390625
0.2047021484375	0.20319580078125	0.9624755859375
0.28550048828125	0.28673828125	0.91871826171875
0.3552392578125	0.35935546875	0.86649169921875
0.4115869140625	0.4225	0.809833984375
0.45800537109375	0.46997802734375	0.7562646484375
0.4997021484375	0.51276123046875	0.69891357421875
0.53604248046875	0.5517333984375	0.6384765625
0.5734765625	0.589912109375	0.5667919921875
0.59996337890625	0.61737060546875	0.50583984375
0.62619873046875	0.64255126953125	0.43668701171875
0.64151611328125	0.65986083984375	0.3848291015625
0.6598974609375	0.67556396484375	0.31897216796875
0.67152587890625	0.6885546875	0.260263671875
0.68072021484375	0.6966845703125	0.20841796875
0.6877490234375	0.7045556640625	0.14670166015625
0.693525390625	0.71076904296875	0.0574072265625
0.00257080078125	0.00011474609375	1.00669677734375
-0.03005126953125	0.034765625	1.00474609375
-0.05735595703125	0.0621044921875	1.00156005859375
-0.1012548828125	0.10584228515625	0.9934814453125
-0.193876953125	0.196005859375	0.96324462890625
-0.27112548828125	0.28176513671875	0.92009765625
-0.3470556640625	0.34883056640625	0.8682568359375
-0.41072021484375	0.40667724609375	0.81237060546875
-0.4575634765625	0.4555126953125	0.7583056640625
-0.50059814453125	0.49601318359375	0.70201171875
-0.5405029296875	0.53329833984375	0.64096435546875
-0.5768212890625	0.57247802734375	0.5699609375
-0.60458251953125	0.59923095703125	0.5090380859375
-0.63112060546875	0.62475341796875	0.44001220703125
-0.6470458984375	0.64246337890625	0.3867626953125
-0.6640087890625	0.660625	0.32013671875
-0.67707275390625	0.67172119140625	0.26285888671875
-0.68607177734375	0.6797412109375	0.212236328125
-0.693955078125	0.6876416015625	0.1492333984375
-0.70180419921875	0.6923095703125	0.0596240234375
-0.00010986328125	-0.00509521484375	1.00646484375
-0.0450732421875	-0.00435546875	1.00508056640625
-0.0836865234375	-0.0040771484375	1.00238525390625
-0.1452734375	-0.00300537109375	0.9948974609375
-0.2747705078125	0.00016845703125	0.96616455078125
-0.387451171875	0.00200439453125	0.92598388671875
-0.49357666015625	-0.001259765625	0.872724609375
-0.5796240234375	-0.0037939453125	0.8179931640625
-0.6480810546875	-0.00264404296875	0.76428955078125
-0.70814697265625	-0.00286865234375	0.70843505859375
-0.762998046875	-0.0045263671875	0.6486279296875
-0.81759033203125	-0.0029736328125	0.57768310546875
-0.85677978515625	-0.00289306640625	0.51751708984375
-0.894208984375	-0.002685546875	0.448955078125
-0.91854736328125	-0.00106689453125	0.396064453125
-0.94381103515625	-0.002353515625	0.3306982421875
-0.9618359375	-0.002138671875	0.2724853515625
-0.97469970703125	-0.00299072265625	0.22064453125
-0.98639404296875	-0.00322998046875	0.15826904296875
-0.99601806640625	-0.00484375	0.069775390625
0.004296875	-0.0075634765625	1.00629638671875
-0.03102294921875	-0.0410693359375	1.00544921875
-0.0594091796875	-0.06807373046875	1.00294677734375
-0.102021484375	-0.11166015625	0.9956201171875
-0.19632568359375	-0.2016259765625	0.9675244140625
-0.2771826171875	-0.2807177734375	0.9277685546875
-0.34885986328125	-0.35857177734375	0.87611083984375
-0.408212890625	-0.42123291015625	0.82089599609375
-0.4569580078125	-0.46881103515625	0.768583984375
-0.50007080078125	-0.51084716796875	0.7126416015625
-0.53856201171875	-0.55015380859375	0.65319091796875
-0.57812255859375	-0.58833984375	0.582353515625
-0.6060888671875	-0.61631103515625	0.5217578125
-0.6318115234375	-0.64323486328125	0.4540087890625
-0.64972412109375	-0.6598486328125	0.40161865234375
-0.667060546875	-0.678427734375	0.3362548828125
-0.680595703125	-0.69090087890625	0.2778466796875
-0.68973876953125	-0.699912109375	0.2271142578125
-0.69735107421875	-0.709228515625	0.164755859375
-0.70376953125	-0.71721923828125	0.075556640625
0.012685546875	-0.008671875	1.00579833984375
0.01162109375	-0.05557861328125	1.0057421875
0.011171875	-0.09490966796875	1.003359375
0.01130126953125	-0.1556982421875	0.99652587890625
0.00526123046875	-0.28429931640625	0.96942138671875
0.00923095703125	-0.3996044921875	0.9294140625
0.009384765625	-0.50393798828125	0.878359375
0.01479248046875	-0.5908984375	0.82337646484375
0.01304443359375	-0.6587353515625	0.77087890625
0.0103857421875	-0.71853271484375	0.7160986328125
0.01354736328125	-0.77337890625	0.656787109375
0.01272705078125	-0.82833740234375	0.586376953125
0.0078125	-0.868154296875	0.525703125
0.0107080078125	-0.90569091796875	0.45823486328125
0.00946533203125	-0.93018798828125	0.40580810546875
0.0084765625	-0.95587890625	0.34040771484375
0.00776611328125	-0.97439697265625	0.281904296875
0.00728759765625	-0.98740234375	0.23135986328125
0.00644775390625	-0.99929443359375	0.16978271484375
0.00685546875	-1.0098193359375	0.0790771484375
0.01823974609375	-0.008671875	1.005966796875
0.052685546875	-0.0406396484375	1.00534912109375
0.08073486328125	-0.06700439453125	1.002255859375
0.1250244140625	-0.108310546875	0.99528076171875
0.22072509765625	-0.193359375	0.96651611328125
0.30166748046875	-0.27405029296875	0.92623291015625
0.3810205078125	-0.34309814453125	0.873876953125
0.445341796875	-0.40132080078125	0.81866943359375
0.493671875	-0.44767578125	0.76591796875
0.53766845703125	-0.4878125	0.71064453125
0.5776904296875	-0.526025390625	0.65027587890625
0.6155224609375	-0.565205078125	0.5793359375
0.64237060546875	-0.5937744140625	0.51907470703125
0.67092041015625	-0.61733154296875	0.45101318359375
0.68775634765625	-0.63452880859375	0.39873046875
0.7049609375	-0.65302490234375	0.33302490234375
0.71744873046875	-0.66614013671875	0.27458984375
0.7267724609375	-0.6747021484375	0.2234716796875
0.734658203125	-0.683408203125	0.1605322265625
0.74163330078125	-0.6898291015625	0.07116943359375
0.06733154296875	-0.01132568359375	-0.98481689453125
0.11661865234375	-0.01340087890625	-0.98044189453125
0.15565673828125	-0.01458984375	-0.97536376953125
0.21669921875	-0.01782470703125	-0.96431884765625
0.34401123046875	-0.02262451171875	-0.92806884765625
0.4543701171875	-0.023671875	-0.88125244140625
0.55568359375	-0.02900146484375	-0.823291015625
0.6392138671875	-0.0336376953125	-0.7625537109375
0.703671875	-0.03894287109375	-0.70548583984375
0.76006591796875	-0.04028564453125	-0.6466552734375
0.75982177734375	-0.04032958984375	-0.646435546875
0.8109814453125	-0.04375244140625	-0.58354248046875
0.86137451171875	-0.0441357421875	-0.5093115234375
0.89685302734375	-0.0435888671875	-0.44682861328125
0.92945556640625	-0.04916748046875	-0.3770458984375
0.95044189453125	-0.04808349609375	-0.32310791015625
0.97152587890625	-0.0485498046875	-0.256767578125
0.98613525390625	-0.04875	-0.1978564453125
0.99587890625	-0.04963134765625	-0.145791015625
1.00383056640625	-0.04967529296875	-0.083193359375
1.008310546875	-0.05103515625	0.00586181640625
0.0673046875	-0.006162109375	-0.9846484375
0.1019091796875	-0.04411376953125	-0.98142578125
0.12886962890625	-0.07311279296875	-0.9770751953125
0.16984130859375	-0.11906494140625	-0.96722412109375
0.2543798828125	-0.216953125	-0.9335595703125
0.3283984375	-0.29971435546875	-0.8889697265625
0.3978857421875	-0.37632080078125	-0.83194091796875
0.45036865234375	-0.44171142578125	-0.77366943359375
0.4897802734375	-0.49229248046875	-0.7202197265625
0.5291650390625	-0.535029296875	-0.66200927734375
0.56100341796875	-0.57598876953125	-0.60083740234375
0.59412109375	-0.61543701171875	-0.52874267578125
0.62004150390625	-0.64263671875	-0.465517578125
0.64079345703125	-0.6704736328125	-0.3961328125
0.6527734375	-0.6888134765625	-0.3441796875
0.666416015625	-0.70713623046875	-0.27830810546875
0.67620849609375	-0.7199755859375	-0.21869873046875
0.68229248046875	-0.729208984375	-0.1673486328125
0.68654052734375	-0.7383154296875	-0.10373779296875
0.68703857421875	-0.7463427734375	-0.01577880859375
0.0545947265625	-0.0188671875	-0.98499267578125
0.05367431640625	-0.068271484375	-0.98350341796875
0.05322509765625	-0.1064697265625	-0.9807763671875
0.05287841796875	-0.16653076171875	-0.97313720703125
0.0237109375	-0.3020751953125	-0.94348876953125
0.02578857421875	-0.41527587890625	-0.90173095703125
0.01981201171875	-0.51962646484375	-0.8486962890625
0.01828125	-0.60515869140625	-0.79239013671875
0.0149169921875	-0.67291748046875	-0.73812255859375
0.01158447265625	-0.73251953125	-0.68115234375
0.007431640625	-0.78652099609375	-0.62063720703125
0.00642578125	-0.84059326171875	-0.54837158203125
0.00033203125	-0.87838623046875	-0.4881201171875
-0.0024072265625	-0.91478271484375	-0.4190771484375
-0.00334228515625	-0.93818359375	-0.36641357421875
-0.00397216796875	-0.962724609375	-0.2997216796875
-0.00517822265625	-0.9798974609375	-0.24138671875
-0.00707275390625	-0.99196533203125	-0.18983154296875
-0.00919189453125	-1.002607421875	-0.1272900390625
-0.0129296875	-1.0109912109375	-0.0378857421875
0.02362060546875	-0.0276953125	-0.98521484375
0.0030126953125	-0.061640625	-0.98529541015625
-0.0245849609375	-0.09010986328125	-0.9830615234375
-0.0701416015625	-0.13195556640625	-0.9765185546875
-0.1620361328125	-0.2229833984375	-0.95006103515625
-0.251962890625	-0.2956591796875	-0.91115966796875
-0.33348876953125	-0.364716796875	-0.8602099609375
-0.39210205078125	-0.42686279296875	-0.8071875
-0.44959716796875	-0.468994140625	-0.75338134765625
-0.48809326171875	-0.513681640625	-0.70013671875
-0.534267578125	-0.54817138671875	-0.63966552734375
-0.575068359375	-0.58474609375	-0.57023681640625
-0.60247314453125	-0.61216064453125	-0.51217041015625
-0.63355224609375	-0.63590576171875	-0.443525390625
-0.65157958984375	-0.65239501953125	-0.39214111328125
-0.6703662109375	-0.6696142578125	-0.32894775390625
-0.68623046875	-0.681171875	-0.26994384765625
-0.69680419921875	-0.68872802734375	-0.221494140625
-0.7077001953125	-0.69603515625	-0.15929443359375
-0.7185205078125	-0.7010009765625	-0.069189453125
0.0331005859375	-0.02014404296875	-0.9860205078125
-0.0196484375	-0.0214404296875	-0.98611328125
-0.058251953125	-0.0222265625	-0.984384765625
-0.12216064453125	-0.02262939453125	-0.9784814453125
-0.25420166015625	-0.017021484375	-0.95285888671875
-0.36838623046875	-0.01896728515625	-0.91518310546875
-0.4724755859375	-0.023125	-0.866669921875
-0.55971435546875	-0.01829833984375	-0.81422119140625
-0.62877685546875	-0.01888427734375	-0.76328369140625
-0.69006591796875	-0.02044189453125	-0.709404296875
-0.746240234375	-0.0156298828125	-0.65141357421875
-0.802119140625	-0.01886474609375	-0.582939453125
-0.8420703125	-0.02068603515625	-0.52510009765625
-0.8813427734375	-0.0183984375	-0.45807861328125
-0.90671875	-0.017392578125	-0.407001953125
-0.93383544921875	-0.0182421875	-0.34269287109375
-0.9536181640625	-0.0187939453125	-0.28554443359375
-0.967529296875	-0.01828125	-0.2360498046875
-0.98107666015625	-0.0175830078125	-0.17527099609375
-0.99373779296875	-0.01639404296875	-0.08607177734375
0.0299169921875	-0.01677001953125	-0.98602783203125
-0.0064501953125	0.0201220703125	-0.98578857421875
-0.03581298828125	0.0472509765625	-0.98371337890625
-0.0754541015625	0.0932470703125	-0.97744873046875
-0.15870361328125	0.19139404296875	-0.95154296875
-0.2421484375	0.27109375	-0.913125
-0.313525390625	0.34656982421875	-0.8641943359375
-0.3740625	0.40912841796875	-0.81087890625
-0.42641845703125	0.45672119140625	-0.75802734375
-0.4696923828125	0.4994921875	-0.703779296875
-0.50893798828125	0.53884033203125	-0.64508544921875
-0.54819091796875	0.57832275390625	-0.57555908203125
-0.57818359375	0.60536865234375	-0.5160498046875
-0.6048046875	0.632568359375	-0.449189453125
-0.62224853515625	0.65021484375	-0.39774658203125
-0.642353515625	0.667783203125	-0.33235595703125
-0.65585693359375	0.6809375	-0.2756201171875
-0.66645751953125	0.689619140625	-0.2253857421875
-0.6761767578125	0.698369140625	-0.1629736328125
-0.68451171875	0.7062646484375	-0.07328857421875
0.05234130859375	-0.00703125	-0.9810107421875
0.052587890625	0.0423095703125	-0.98369873046875
0.0519384765625	0.140146484375	-0.97341064453125
0.051923828125	0.079990234375	-0.9808837890625
0.05209228515625	0.1401611328125	-0.9734326171875
0.050380859375	0.2663037109375	-0.94550048828125
0.0506982421875	0.38108642578125	-0.90424560546875
0.053134765625	0.48634765625	-0.85161865234375
0.0493115234375	0.57234375	-0.79605712890625
0.04509033203125	0.63966796875	-0.7426220703125
0.0436376953125	0.69920654296875	-0.6869873046875
0.043564453125	0.7542041015625	-0.62604736328125
0.0403173828125	0.8080322265625	-0.55496826171875
0.03801513671875	0.84664794921875	-0.49467529296875
0.03464599609375	0.8836962890625	-0.4258740234375
0.0331982421875	0.90755126953125	-0.37261962890625
0.0283984375	0.93167236328125	-0.308232421875
0.02736328125	0.9495458984375	-0.2495703125
0.0245068359375	0.96177490234375	-0.1994287109375
0.02169921875	0.97301513671875	-0.13709716796875
0.01881591796875	0.98216064453125	-0.04837646484375
0.04951904296875	-0.0113525390625	-0.98544921875
0.08578857421875	0.022412109375	-0.98258056640625
0.11718017578125	0.05397216796875	-0.97781982421875
0.1574609375	0.0922021484375	-0.96923828125
0.24704833984375	0.18392333984375	-0.93670654296875
0.32817138671875	0.26386962890625	-0.891923828125
0.40630615234375	0.32811279296875	-0.8375390625
0.46595458984375	0.38772216796875	-0.77875
0.51381103515625	0.43286865234375	-0.72425048828125
0.5525927734375	0.4769970703125	-0.66668212890625
0.590361328125	0.51360595703125	-0.6048388671875
0.62738037109375	0.5496142578125	-0.5334130859375
0.6528955078125	0.57672607421875	-0.47180908203125
0.677587890625	0.60141357421875	-0.402568359375
0.6933447265625	0.61716796875	-0.34976318359375
0.709384765625	0.63350341796875	-0.284482421875
0.71882080078125	0.64753173828125	-0.22507568359375
0.72618896484375	0.65521484375	-0.175185546875
0.7320166015625	0.663544921875	-0.11258544921875
0.73578125	0.669501953125	-0.0225146484375
0.0593408203125	0.98123046875	-0.041435546875
0.1078564453125	0.97763427734375	-0.03931884765625
0.14664794921875	0.9728955078125	-0.0387255859375
0.20689453125	0.9628125	-0.035
0.33260009765625	0.928720703125	-0.0271240234375
0.44768310546875	0.88080078125	-0.03039306640625
0.5503125	0.82306884765625	-0.031611328125
0.63277587890625	0.76403076171875	-0.02695068359375
0.69868896484375	0.70677734375	-0.02485595703125
0.75558837890625	0.6482763671875	-0.019267578125
0.80804931640625	0.58412353515625	-0.018056640625
0.85793212890625	0.5120703125	-0.01114013671875
0.8941162109375	0.44919677734375	-0.00923583984375
0.9280078125	0.377890625	-0.006650390625
0.94933837890625	0.32393798828125	-0.0031005859375
0.97067626953125	0.25818359375	0.0017626953125
0.98583251953125	0.198017578125	0.00449462890625
0.99561767578125	0.14695068359375	0.0074560546875
1.00347412109375	0.0876708984375	0.00871337890625
1.00865234375	-0.00291015625	0.0135693359375
0.05068359375	0.9814208984375	-0.04398681640625
0.08587646484375	0.9766552734375	-0.08046630859375
0.1137548828125	0.9711376953125	-0.10793212890625
0.15571533203125	0.95937255859375	-0.15187255859375
0.23729736328125	0.9222265625	-0.2476513671875
0.3219482421875	0.8742529296875	-0.3188916015625
0.39052734375	0.81517333984375	-0.39218505859375
0.444140625	0.7525439453125	-0.4567822265625
0.48602294921875	0.69419677734375	-0.50540771484375
0.52382568359375	0.63414794921875	-0.545810546875
0.5581005859375	0.57042724609375	-0.58291015625
0.59416748046875	0.496474609375	-0.61556884765625
0.62025634765625	0.4337548828125	-0.638623046875
0.64347412109375	0.36236328125	-0.66093505859375
0.65642822265625	0.30788818359375	-0.67658203125
0.670400390625	0.240947265625	-0.69110595703125
0.67942626953125	0.1818310546875	-0.70136474609375
0.68540283203125	0.12991943359375	-0.708154296875
0.69041748046875	0.06649658203125	-0.7133935546875
0.6919287109375	-0.02344482421875	-0.716328125
0.01005615234375	0.9832373046875	-0.028818359375
0.01133056640625	0.98023681640625	-0.07882080078125
0.01100830078125	0.9759423828125	-0.11758056640625
0.01146240234375	0.9662109375	-0.17907470703125
0.010517578125	0.93357177734375	-0.30447265625
0.0089306640625	0.8885107421875	-0.4169580078125
0.00836181640625	0.83288330078125	-0.518935546875
0.00140625	0.77487548828125	-0.60158203125
0.00447265625	0.7181982421875	-0.668212890625
0.00476806640625	0.660576171875	-0.7253076171875
3.173828125e-05	0.59880859375	-0.77748291015625
-0.0042431640625	0.52666748046875	-0.82811767578125
-0.0032568359375	0.46462158203125	-0.86487060546875
-0.00196044921875	0.3941650390625	-0.899638671875
-0.0042138671875	0.341259765625	-0.92150390625
-0.00341796875	0.27493408203125	-0.94397705078125
-0.00343994140625	0.21662109375	-0.95961181640625
-0.00408203125	0.16712890625	-0.9699853515625
-0.004775390625	0.10262939453125	-0.9794873046875
-0.0066357421875	0.0145263671875	-0.98582275390625
0.0153564453125	0.98290283203125	-0.03375732421875
-0.02053466796875	0.98051513671875	-0.06779052734375
-0.04853271484375	0.97671142578125	-0.0970239257812
-0.0938671875	0.96848876953125	-0.135400390625
-0.19373046875	0.93837890625	-0.21361328125
-0.27235595703125	0.89522705078125	-0.29594970703125
-0.3491748046875	0.8409033203125	-0.36645751953125
-0.41408447265625	0.783564453125	-0.42162353515625
-0.464599609375	0.72908935546875	-0.46543701171875
-0.508310546875	0.67224365234375	-0.50496337890625
-0.55069091796875	0.61117919921875	-0.5374609375
-0.58797607421875	0.53744873046875	-0.576669921875
-0.61840087890625	0.4777001953125	-0.59808837890625
-0.646259765625	0.4077490234375	-0.62130126953125
-0.6642578125	0.35538818359375	-0.63525146484375
-0.6826904296875	0.28913818359375	-0.65029052734375
-0.69588134765625	0.22881591796875	-0.66138671875
-0.70540283203125	0.17743896484375	-0.668134765625
-0.71437744140625	0.11437744140625	-0.67335205078125
-0.72255615234375	0.02463134765625	-0.67583251953125
0.00335693359375	0.9825732421875	-0.041044921875
-0.0436279296875	0.98145263671875	-0.03873779296875
-0.08379150390625	0.97871337890625	-0.038828125
-0.14133544921875	0.9721826171875	-0.03409912109375
-0.26876953125	0.9449951171875	-0.03226318359375
-0.38291748046875	0.905556640625	-0.0226171875
-0.48961181640625	0.85341552734375	-0.01894775390625
-0.576005859375	0.79892822265625	-0.01189697265625
-0.64367919921875	0.74670654296875	-0.0068603515625
-0.7070654296875	0.688623046875	-0.00716064453125
-0.7626416015625	0.6280029296875	-0.00281494140625
-0.818046875	0.55601806640625	0.0002294921875
-0.85765625	0.4950146484375	0.00302734375
-0.89511474609375	0.42614501953125	0.0071923828125
-0.91944580078125	0.37302734375	0.0096728515625
-0.9445458984375	0.3073095703125	0.0131640625
-0.962646484375	0.2484619140625	0.01647216796875
-0.97544189453125	0.19644287109375	0.01876220703125
-0.987099609375	0.133076171875	0.02214599609375
-0.99622314453125	0.0448876953125	0.027568359375
0.0297607421875	0.98274169921875	-0.03203125
-0.0017236328125	0.983896484375	0.00119140625
-0.02862060546875	0.98309326171875	0.0293310546875
-0.06723876953125	0.97926025390625	0.07267578125
-0.14486328125	0.9600830078125	0.1646337890625
-0.23165771484375	0.9246923828125	0.25044921875
-0.303427734375	0.8784130859375	0.331123046875
-0.3646337890625	0.827255859375	0.39728271484375
-0.41432373046875	0.7769580078125	0.449228515625
-0.45585205078125	0.7247900390625	0.496357421875
-0.4926513671875	0.66862060546875	0.53995849609375
-0.53624755859375	0.59794677734375	0.58230224609375
-0.56364990234375	0.53988525390625	0.61402587890625
-0.590712890625	0.4733251953125	0.644580078125
-0.60966796875	0.42069580078125	0.664970703125
-0.627275390625	0.35828857421875	0.686171875
-0.6422509765625	0.29921142578125	0.7019189453125
-0.65265625	0.2486865234375	0.71317138671875
-0.63870361328125	0.185009765625	0.74615966796875
-0.646484375	0.09526123046875	0.7580908203125
0.0292822265625	0.98324462890625	-0.02375732421875
0.0283447265625	0.983701171875	0.02274658203125
0.02812744140625	0.9824072265625	0.06195556640625
0.0273583984375	0.9775927734375	0.1216259765625
0.03102783203125	0.95540771484375	0.24422607421875
0.0279248046875	0.91869873046875	0.36299072265625
0.02245849609375	0.8710498046875	0.46897216796875
0.022275390625	0.81927978515625	0.556884765625
0.02233154296875	0.76781005859375	0.62790771484375
0.01605224609375	0.71394775390625	0.6903857421875
0.0188818359375	0.65571044921875	0.74740478515625
0.014306640625	0.58665771484375	0.80442138671875
0.0113525390625	0.5270947265625	0.8461376953125
0.00984619140625	0.45971435546875	0.88601806640625
0.01070556640625	0.4074560546875	0.91217041015625
0.0060595703125	0.34279541015625	0.939677734375
0.0042138671875	0.285283203125	0.95975341796875
0.00271484375	0.23424560546875	0.97438232421875
0.00165771484375	0.173203125	0.98839599609375
8.544921875e-05	0.08334716796875	1.0014306640625
0.02650634765625	0.98364013671875	-0.0214111328125
0.06151123046875	0.98290283203125	0.0127587890625
0.08803466796875	0.98060302734375	0.04073486328125
0.13310791015625	0.973896484375	0.08111328125
0.226259765625	0.9470166015625	0.16726318359375
0.30451904296875	0.90725341796875	0.252646484375
0.38331298828125	0.85570556640625	0.322890625
0.44384765625	0.80144775390625	0.38492919921875
0.49345947265625	0.74767578125	0.434052734375
0.5350439453125	0.69191162109375	0.478974609375
0.57262451171875	0.63181396484375	0.5197607421875
0.61107666015625	0.56118408203125	0.5589990234375
0.635625	0.5007177734375	0.5905029296875
0.6602392578125	0.4318359375	0.619892578125
0.67544189453125	0.37927978515625	0.6394921875
0.6919482421875	0.31384033203125	0.659150390625
0.7025244140625	0.25612060546875	0.6744384765625
0.7097314453125	0.2046484375	0.6853076171875
0.71690185546875	0.14239501953125	0.69559326171875
0.7221337890625	0.05308349609375	0.7047705078125
-0.00141845703125	-1.01196044921875	-0.0157958984375
-0.0515771484375	-1.01038818359375	-0.0137841796875
-0.08999755859375	-1.007373046875	-0.013115234375
-0.149169921875	-0.999990234375	-0.0085302734375
-0.27119384765625	-0.9732568359375	-0.00560791015625
-0.39404541015625	-0.929453125	-0.00707763671875
-0.49896240234375	-0.87651611328125	-0.00840087890625
-0.58734130859375	-0.81887939453125	-0.0083642578125
-0.6540087890625	-0.76600341796875	-0.00556396484375
-0.71424072265625	-0.70919677734375	-0.0040380859375
-0.769423828125	-0.64773193359375	-0.00566650390625
-0.82404296875	-0.57533203125	-0.00353271484375
-0.8627685546875	-0.51428466796875	-0.00270751953125
-0.8993603515625	-0.44515380859375	0.002080078125
-0.9230615234375	-0.39205078125	0.00341796875
-0.94810546875	-0.324453125	0.00596435546875
-0.9655615234375	-0.26593505859375	0.00810302734375
-0.977197265625	-0.2157177734375	0.00994140625
-0.98834716796875	-0.1521728515625	0.01185791015625
-0.99670166015625	-0.06349609375	0.01358642578125
-0.00331787109375	-1.0118701171875	-0.01283203125
-0.039033203125	-1.0092578125	-0.05066650390625
-0.06474365234375	-1.0058642578125	-0.07763427734375
-0.1079248046875	-0.99709228515625	-0.120615234375
-0.19892333984375	-0.96613037109375	-0.20922119140625
-0.27884521484375	-0.92299072265625	-0.2896533203125
-0.34821533203125	-0.86853759765625	-0.366943359375
-0.40480712890625	-0.81057373046875	-0.4309228515625
-0.44939208984375	-0.75513671875	-0.48145751953125
-0.49931884765625	-0.69835693359375	-0.5145703125
-0.53666259765625	-0.6374267578125	-0.55214599609375
-0.57029541015625	-0.56498291015625	-0.59318115234375
-0.59965576171875	-0.50270263671875	-0.61779541015625
-0.6244677734375	-0.43377685546875	-0.643095703125
-0.6412890625	-0.380859375	-0.6584765625
-0.6587353515625	-0.31427001953125	-0.67460693359375
-0.67187255859375	-0.25552490234375	-0.68518798828125
-0.68028076171875	-0.2057763671875	-0.6925439453125
-0.6881396484375	-0.14281005859375	-0.6992724609375
-0.693564453125	-0.0533984375	-0.70473876953125
-0.00143798828125	-1.011982421875	-0.01396484375
-0.00174072265625	-1.00941162109375	-0.064912109375
-0.00044677734375	-0.99692626953125	-0.16428466796875
-0.0013330078125	-1.00562744140625	-0.1037744140625
0.00144775390625	-0.9659765625	-0.2894921875
0.00177001953125	-0.92139892578125	-0.4048876953125
0.00616455078125	-0.8674560546875	-0.5065283203125
0.0085986328125	-0.81053466796875	-0.59014404296875
0.009384765625	-0.75506103515625	-0.656953125
0.0067138671875	-0.697294921875	-0.71601806640625
0.01244140625	-0.63681640625	-0.76822021484375
0.0154638671875	-0.56514892578125	-0.82023681640625
0.012138671875	-0.50221435546875	-0.85853271484375
0.013271484375	-0.43397216796875	-0.89336181640625
0.01344482421875	-0.3809228515625	-0.9161328125
0.01351806640625	-0.31462890625	-0.9396826171875
0.01318603515625	-0.255830078125	-0.9561376953125
0.0124853515625	-0.203525390625	-0.96785400390625
0.01341796875	-0.141826171875	-0.9777587890625
0.0147119140625	-0.05339599609375	-0.98529296875
0.01659423828125	-1.01183349609375	-0.02000244140625
0.0521728515625	-1.009111328125	-0.05607177734375
0.08059814453125	-1.00510498046875	-0.08246826171875
0.12404541015625	-0.99639404296875	-0.122919921875
0.22334228515625	-0.96601318359375	-0.19798583984375
0.29811279296875	-0.92034423828125	-0.28978271484375
0.3700341796875	-0.8636572265625	-0.36683349609375
0.4344921875	-0.807265625	-0.418798828125
0.48397705078125	-0.75148193359375	-0.463486328125
0.52560302734375	-0.69302490234375	-0.50550537109375
0.56681884765625	-0.6326806640625	-0.53745361328125
0.60592041015625	-0.56109619140625	-0.57166259765625
0.6323193359375	-0.49824462890625	-0.5986767578125
0.65730224609375	-0.4270703125	-0.6243505859375
0.67441650390625	-0.3737548828125	-0.63894287109375
0.69205078125	-0.3078076171875	-0.653818359375
0.703681640625	-0.24929443359375	-0.664794921875
0.7113916015625	-0.1972607421875	-0.6728662109375
0.7191748046875	-0.13392333984375	-0.6790576171875
0.725302734375	-0.0452392578125	-0.68241943359375
0.01220458984375	-1.011611328125	-0.02734375
0.060146484375	-1.0103125	-0.02567626953125
0.10143310546875	-1.00708251953125	-0.02504150390625
0.15880615234375	-1.00016357421875	-0.02057861328125
0.28356689453125	-0.972900390625	-0.012333984375
0.40566650390625	-0.92913330078125	-0.01713134765625
0.5097021484375	-0.87660400390625	-0.01072021484375
0.59387939453125	-0.82256591796875	-0.00325927734375
0.6636279296875	-0.7674658203125	-0.00357666015625
0.72390869140625	-0.71076904296875	-0.00019287109375
0.77802734375	-0.65125244140625	0.00427978515625
0.833505859375	-0.577822265625	0.0055810546875
0.87244384765625	-0.5166650390625	0.0081005859375
0.90948486328125	-0.44712890625	0.01280517578125
0.93281005859375	-0.39510498046875	0.0137744140625
0.95796630859375	-0.32773681640625	0.0158251953125
0.9754345703125	-0.26878662109375	0.01869384765625
0.9877783203125	-0.2164501953125	0.02002197265625
0.99859375	-0.15443115234375	0.0218408203125
1.00715087890625	-0.063134765625	0.02662841796875
-0.006875	-1.01204345703125	-0.015673828125
0.0267626953125	-1.012177734375	0.02092529296875
0.052998046875	-1.01056884765625	0.050048828125
0.09431396484375	-1.0049658203125	0.0940380859375
0.180732421875	-0.98040283203125	0.1904833984375
0.26829345703125	-0.941416015625	0.27156982421875
0.33719970703125	-0.89282470703125	0.350302734375
0.39036376953125	-0.84102294921875	0.41761474609375
0.43883056640625	-0.7893408203125	0.4677001953125
0.47921875	-0.73580810546875	0.51363037109375
0.5149072265625	-0.67851318359375	0.5559912109375
0.5546875	-0.60833984375	0.5969677734375
0.58299560546875	-0.54805908203125	0.62708251953125
0.6078662109375	-0.4813671875	0.65683349609375
0.62486083984375	-0.42989501953125	0.67569580078125
0.64350341796875	-0.36353759765625	0.6961083984375
0.65627685546875	-0.3060595703125	0.71072509765625
0.6662158203125	-0.2541796875	0.72103271484375
0.674912109375	-0.19266845703125	0.73103759765625
0.68165283203125	-0.104697265625	0.7410107421875
-0.01674560546875	-1.0110400390625	-0.00630126953125
-0.01192138671875	-1.0119091796875	0.0410546875
-0.01268798828125	-1.00981201171875	0.07972412109375
-0.011953125	-1.00389404296875	0.13909423828125
-0.0088037109375	-0.9798828125	0.2626171875
-0.01022705078125	-0.9410009765625	0.38049072265625
-0.01013427734375	-0.8908544921875	0.48686767578125
-0.01508544921875	-0.83775634765625	0.572998046875
-0.01411865234375	-0.7856103515625	0.642587890625
-0.00626220703125	-0.73063232421875	0.70433837890625
-0.005751953125	-0.67129150390625	0.76058837890625
-0.00723388671875	-0.60136474609375	0.81607421875
-0.006982421875	-0.541572265625	0.85629638671875
-0.00274169921875	-0.473056640625	0.895126953125
-0.0015966796875	-0.4206884765625	0.9200244140625
0.0007080078125	-0.35482421875	0.9466796875
0.00084716796875	-0.29661376953125	0.96582763671875
0.00283935546875	-0.24591064453125	0.979140625
0.00339599609375	-0.18362060546875	0.9919921875
0.004306640625	-0.0950732421875	1.00327392578125
-0.015087890625	-1.00978515625	-0.01413818359375
-0.05057861328125	-1.0108251953125	0.0214501953125
-0.12032958984375	-1.0010107421875	0.092998046875
-0.07841064453125	-1.00831298828125	0.04864013671875
-0.05133544921875	-1.01070556640625	0.02138671875
-0.2059619140625	-0.974091796875	0.18567626953125
-0.28833251953125	-0.93303466796875	0.26773193359375
-0.360078125	-0.88110107421875	0.345009765625
-0.4220556640625	-0.825703125	0.4054541015625
-0.46745361328125	-0.7724267578125	0.45676513671875
-0.50645263671875	-0.71687744140625	0.5022021484375
-0.54507080078125	-0.65626708984375	0.54206298828125
-0.58031494140625	-0.58564697265625	0.5838330078125
-0.60842041015625	-0.52417724609375	0.611640625
-0.63309814453125	-0.45568359375	0.639375
-0.64777099609375	-0.40293701171875	0.65885009765625
-0.66391845703125	-0.337314453125	0.67803955078125
-0.67359619140625	-0.279853515625	0.6935400390625
-0.6806396484375	-0.228935546875	0.704375
-0.6872509765625	-0.166884765625	0.71381591796875
-0.69237548828125	-0.0782373046875	0.72241455078125
0.988779296875	-0.037763671875	-0.00373291015625
1.0056591796875	-0.0890478515625	-0.005322265625
1.00210693359375	-0.12661376953125	-0.004697265625
0.9937158203125	-0.18556884765625	-0.00141845703125
0.96542724609375	-0.30413818359375	0.00164794921875
0.919677734375	-0.4255126953125	0.00119384765625
0.86378662109375	-0.5312158203125	-0.0009716796875
0.80545654296875	-0.61661376953125	-0.00180908203125
0.7481640625	-0.68533935546875	-0.0029345703125
0.68926513671875	-0.74467041015625	-0.00236572265625
0.62520751953125	-0.79916015625	-0.00343505859375
0.55159423828125	-0.85169677734375	-0.0021923828125
0.48790771484375	-0.88949462890625	-0.001669921875
0.4168359375	-0.924677734375	-0.0012353515625
0.36271484375	-0.94710693359375	0.00013427734375
0.29434326171875	-0.97024169921875	0.000966796875
0.23548828125	-0.98597412109375	0.00259521484375
0.18587158203125	-0.99622314453125	0.0042431640625
0.1208935546875	-1.00584228515625	0.00509033203125
0.030654296875	-1.01221923828125	0.00585205078125
1.00829833984375	-0.03745361328125	0.00890625
1.0057666015625	-0.0769189453125	-0.029794921875
1.00191650390625	-0.10641357421875	-0.0571875
0.99279052734375	-0.15169921875	-0.10018310546875
0.9615625	-0.2407666015625	-0.18864013671875
0.91662109375	-0.325673828125	-0.2673291015625
0.8607861328125	-0.39704345703125	-0.3431396484375
0.80231201171875	-0.4564990234375	-0.4032421875
0.745986328125	-0.4999267578125	-0.45465087890625
0.6880810546875	-0.54129638671875	-0.49560546875
0.6254052734375	-0.57722900390625	-0.53511962890625
0.552626953125	-0.6160595703125	-0.56896484375
0.48921142578125	-0.6413330078125	-0.59693603515625
0.41857666015625	-0.66622314453125	-0.6219873046875
0.36489013671875	-0.67949462890625	-0.64025634765625
0.2971435546875	-0.6950732421875	-0.6573291015625
0.23656494140625	-0.7056005859375	-0.6698388671875
0.18662841796875	-0.7134619140625	-0.67676513671875
0.1237744140625	-0.7189599609375	-0.68466552734375
0.033388671875	-0.72156982421875	-0.69143310546875
1.00726806640625	-0.0377392578125	-0.0042041015625
1.006171875	-0.037275390625	-0.05480224609375
1.00263671875	-0.03904541015625	-0.0949072265625
0.99452880859375	-0.034697265625	-0.154228515625
0.963984375	-0.0374462890625	-0.28210693359375
0.92208984375	-0.03177490234375	-0.3937109375
0.86744140625	-0.027373046875	-0.4985693359375
0.8106787109375	-0.020869140625	-0.5828076171875
0.7571044921875	-0.01433837890625	-0.6491064453125
0.69916015625	-0.01801513671875	-0.708876953125
0.63704833984375	-0.01438232421875	-0.7633837890625
0.5655126953125	-0.01164306640625	-0.81570068359375
0.503984375	-0.0133544921875	-0.85377197265625
0.4337158203125	-0.010673828125	-0.88997802734375
0.38116455078125	-0.008408203125	-0.9130859375
0.31486083984375	-0.007099609375	-0.937021484375
0.25665771484375	-0.0046044921875	-0.95363525390625
0.20494384765625	-0.00359130859375	-0.9655322265625
0.14325439453125	-0.0022412109375	-0.97618408203125
0.05482421875	0.000380859375	-0.98453369140625
1.0082470703125	-0.012939453125	-0.0127490234375
1.006025390625	0.0237109375	-0.04934814453125
1.00239501953125	0.05138427734375	-0.07845703125
0.99392333984375	0.09680419921875	-0.11777587890625
0.96175537109375	0.18710693359375	-0.2119873046875
0.9173583984375	0.27206787109375	-0.29083984375
0.86446533203125	0.352880859375	-0.35123779296875
0.80733154296875	0.4167578125	-0.406396484375
0.75324462890625	0.467138671875	-0.44865234375
0.69447265625	0.50848388671875	-0.4929150390625
0.6321826171875	0.54958984375	-0.5273583984375
0.55907470703125	0.58727294921875	-0.56482666015625
0.49503662109375	0.61358642578125	-0.593203125
0.424501953125	0.64029296875	-0.61678955078125
0.3725830078125	0.657890625	-0.63056640625
0.30485595703125	0.67526123046875	-0.64669189453125
0.24555419921875	0.68866455078125	-0.6566552734375
0.1937646484375	0.69646484375	-0.66491943359375
0.130654296875	0.7040673828125	-0.6710595703125
0.04058837890625	0.710986328125	-0.67423095703125
1.00847900390625	-0.02141357421875	0.0083740234375
1.00762451171875	0.026611328125	0.00959716796875
1.005185546875	0.0663134765625	0.00741455078125
0.99895263671875	0.12351806640625	0.01025390625
0.97257080078125	0.2507080078125	0.0145703125
0.9315234375	0.3693212890625	0.01093505859375
0.88019775390625	0.474169921875	0.0106640625
0.82594970703125	0.55971923828125	0.01089599609375
0.7702685546875	0.63119384765625	0.00716796875
0.7128369140625	0.69320068359375	0.0054248046875
0.65215087890625	0.748408203125	0.00679443359375
0.5798828125	0.80357421875	0.00744384765625
0.5186376953125	0.84298828125	0.0077099609375
0.44494140625	0.88254150390625	0.00507568359375
0.394755859375	0.90517578125	0.00368896484375
0.3267431640625	0.93093994140625	0.00626708984375
0.267373046875	0.94889404296875	0.00448974609375
0.2143603515625	0.96151123046875	0.00392578125
0.15062255859375	0.97298583984375	0.0043359375
0.06128662109375	0.98195068359375	0.0055322265625
1.0082080078125	-0.001611328125	0.002060546875
1.00687744140625	0.031005859375	0.03953125
1.00401123046875	0.0575244140625	0.06867919921875
0.99675537109375	0.09618408203125	0.113701171875
0.9673681640625	0.18715087890625	0.208017578125
0.92523681640625	0.26355224609375	0.29420654296875
0.87377197265625	0.32823486328125	0.3732958984375
0.81849609375	0.38169189453125	0.439140625
0.7656787109375	0.424453125	0.4904443359375
0.708642578125	0.46553466796875	0.534638671875
0.6481591796875	0.50080810546875	0.5763330078125
0.576787109375	0.535537109375	0.61736328125
0.5147314453125	0.5626416015625	0.64601806640625
0.4431396484375	0.58772216796875	0.674716796875
0.39076171875	0.60292236328125	0.69279296875
0.32493408203125	0.61841552734375	0.71177734375
0.26537353515625	0.630283203125	0.72515380859375
0.2143603515625	0.63853515625	0.73409912109375
0.15095458984375	0.64513671875	0.74332763671875
0.06125732421875	0.64907470703125	0.75133544921875
0.99903564453125	-0.01024658203125	0.00378173828125
1.00742431640625	-0.0083984375	0.0540869140625
1.0048681640625	-0.00566162109375	0.0937158203125
0.9981494140625	-0.0039111328125	0.1529443359375
0.970634765625	-0.00381103515625	0.28168212890625
0.93020751953125	-0.01013427734375	0.3969189453125
0.87907958984375	-0.0034716796875	0.50021484375
0.8239794921875	-0.00877197265625	0.58637939453125
0.77103759765625	-0.00565185546875	0.65416259765625
0.71502685546875	-0.0013623046875	0.71474853515625
0.65404052734375	0.0021484375	0.77013916015625
0.58271728515625	0.0017431640625	0.82518310546875
0.52148193359375	0.00306884765625	0.8645361328125
0.45258056640625	0.00228271484375	0.90208740234375
0.39929931640625	0.00391845703125	0.9266259765625
0.33372314453125	0.00441162109375	0.95166748046875
0.27667236328125	0.0041943359375	0.9692822265625
0.22598876953125	0.00358642578125	0.981982421875
0.16373291015625	0.0033642578125	0.9940234375
0.07709716796875	0.0009619140625	1.0038818359375
1.00819091796875	-0.0375732421875	0.012099609375
1.0060302734375	-0.06873779296875	0.05063720703125
1.00299560546875	-0.091572265625	0.07997314453125
0.99532958984375	-0.12625	0.1272802734375
0.96570556640625	-0.2044189453125	0.22754638671875
0.9245361328125	-0.2710302734375	0.31700927734375
0.86908935546875	-0.341875	0.3982861328125
0.81156494140625	-0.39688232421875	0.46461669921875
0.75730224609375	-0.4394287109375	0.5162353515625
0.69936279296875	-0.47850830078125	0.56167236328125
0.63650390625	-0.51294189453125	0.6045458984375
0.56368408203125	-0.54687744140625	0.64580810546875
0.501337890625	-0.57002197265625	0.67633056640625
0.431015625	-0.5915625	0.70554931640625
0.3780419921875	-0.60506591796875	0.7239306640625
0.31136474609375	-0.61874267578125	0.7435546875
0.25163330078125	-0.62826904296875	0.75771728515625
0.20101806640625	-0.63375	0.7676318359375
0.137607421875	-0.63967041015625	0.77628173828125
0.047958984375	-0.6433349609375	0.783251953125
-0.99642333984375	-0.01455078125	-0.03262451171875
-0.99384765625	-0.01564453125	-0.08347900390625
-0.9896533203125	-0.01630126953125	-0.12150634765625
-0.9796484375	-0.01828857421875	-0.182529296875
-0.94591064453125	-0.014990234375	-0.30849365234375
-0.89981201171875	-0.02395263671875	-0.42169189453125
-0.84364013671875	-0.02576904296875	-0.52236328125
-0.78483642578125	-0.0290673828125	-0.60531005859375
-0.72786865234375	-0.03016845703125	-0.67139892578125
-0.668916015625	-0.0305615234375	-0.7283740234375
-0.60635009765625	-0.03298583984375	-0.78041259765625
-0.533115234375	-0.03334716796875	-0.831123046875
-0.4693505859375	-0.03188720703125	-0.86796630859375
-0.39879638671875	-0.03161865234375	-0.90197021484375
-0.34575439453125	-0.0315625	-0.92339111328125
-0.27839111328125	-0.031337890625	-0.94546875
-0.21908935546875	-0.0315234375	-0.96080322265625
-0.1693115234375	-0.0315380859375	-0.9710009765625
-0.1061962890625	-0.0315380859375	-0.9798193359375
-0.0173876953125	-0.03250732421875	-0.985654296875
-0.98797119140625	-0.0456884765625	-0.0281787109375
-0.99327880859375	-0.083701171875	-0.06392333984375
-0.97836181640625	-0.157080078125	-0.129541015625
-0.98844482421875	-0.11183837890625	-0.09186767578125
-0.94294189453125	-0.2519287109375	-0.215693359375
-0.8961279296875	-0.33860595703125	-0.28595458984375
-0.8375390625	-0.41411865234375	-0.35577880859375
-0.77845703125	-0.47565185546875	-0.4091015625
-0.7218212890625	-0.52455810546875	-0.4510400390625
-0.6605810546875	-0.56546875	-0.493232421875
-0.59713134765625	-0.60447998046875	-0.52700439453125
-0.52161376953125	-0.64072265625	-0.56292724609375
-0.4577197265625	-0.667392578125	-0.5869580078125
-0.38724609375	-0.69248779296875	-0.60853759765625
-0.3321142578125	-0.70771728515625	-0.62331787109375
-0.264462890625	-0.72487548828125	-0.6361181640625
-0.205009765625	-0.73501953125	-0.64641845703125
-0.1527880859375	-0.74116455078125	-0.6540478515625
-0.08875	-0.747490234375	-0.659052734375
0.00119384765625	-0.751259765625	-0.66138916015625
-0.9923779296875	-0.05556396484375	-0.03249755859375
-0.9935400390625	-0.10482177734375	-0.0306103515625
-0.989033203125	-0.14481689453125	-0.02983154296875
-0.9797607421875	-0.20231201171875	-0.0255126953125
-0.9481005859375	-0.3248779296875	-0.0191015625
-0.9010498046875	-0.44231201171875	-0.013544921875
-0.84270751953125	-0.5477978515625	-0.0114404296875
-0.78387939453125	-0.63080810546875	-0.00609619140625
-0.7277001953125	-0.69622802734375	-0.00214111328125
-0.666474609375	-0.755546875	0.000732421875
-0.60329833984375	-0.8078466796875	0.00494384765625
-0.52932861328125	-0.8591162109375	0.009619140625
-0.4655712890625	-0.8959326171875	0.01353515625
-0.393125	-0.93058349609375	0.01617919921875
-0.33976318359375	-0.9516357421875	0.0191748046875
-0.2676171875	-0.97499755859375	0.02017333984375
-0.20743896484375	-0.98983154296875	0.02294677734375
-0.15383056640625	-0.99985595703125	0.0249853515625
-0.09086669921875	-1.007841796875	0.02825927734375
0.00152099609375	-1.0124609375	0.0331884765625
-0.99736572265625	-0.03891357421875	-0.03167236328125
-0.99675537109375	-0.07292724609375	0.00358642578125
-0.994482421875	-0.09970703125	0.03117431640625
-0.9883984375	-0.1398095703125	0.0743017578125
-0.96175048828125	-0.22952880859375	0.167666015625
-0.92188232421875	-0.3061376953125	0.25549560546875
-0.87107421875	-0.3777685546875	0.33192626953125
-0.8171875	-0.43419189453125	0.39766845703125
-0.7642626953125	-0.480087890625	0.44888916015625
-0.7077734375	-0.5219580078125	0.4945166015625
-0.64857666015625	-0.55697021484375	0.53726318359375
-0.57535400390625	-0.59458984375	0.57988037109375
-0.51547119140625	-0.61736083984375	0.6125146484375
-0.4475830078125	-0.64078369140625	0.642041015625
-0.394423828125	-0.6563720703125	0.66171630859375
-0.32712158203125	-0.6729296875	0.68246337890625
-0.26815673828125	-0.6839990234375	0.69765869140625
-0.21560302734375	-0.69216552734375	0.70825439453125
-0.15281005859375	-0.697529296875	0.72006103515625
-0.06306640625	-0.70023193359375	0.73159912109375
-0.95732177734375	-0.0246240234375	0.0340869140625
-0.99580810546875	-0.02685546875	0.08028564453125
-0.98430908203125	-0.02671630859375	0.17579345703125
-0.992705078125	-0.02889892578125	0.1146337890625
-0.95474609375	-0.02701904296875	0.299130859375
-0.91109375	-0.0238134765625	0.41457763671875
-0.85783447265625	-0.01848876953125	0.5171826171875
-0.8015478515625	-0.01257080078125	0.601748046875
-0.74766845703125	-0.0167333984375	0.66805419921875
-0.69049072265625	-0.01896484375	0.72734130859375
-0.62876953125	-0.0137548828125	0.78169189453125
-0.55669921875	-0.014638671875	0.83510498046875
-0.495888671875	-0.01264892578125	0.87255126953125
-0.4243212890625	-0.0121875	0.909765625
-0.37109130859375	-0.01212646484375	0.93296142578125
-0.3039111328125	-0.01246337890625	0.95735595703125
-0.2458056640625	-0.01058837890625	0.97420166015625
-0.194794921875	-0.01114990234375	0.98610595703125
-0.13503173828125	-0.01046142578125	0.9962939453125
-0.04550537109375	-0.0077880859375	1.00496337890625
-0.99773193359375	-0.03240966796875	0.03983154296875
-0.9961572265625	-0.000283203125	0.0751904296875
-0.99329345703125	0.02482666015625	0.10297119140625
-0.98553466796875	0.06040283203125	0.14907958984375
-0.95739501953125	0.14376953125	0.2425732421875
-0.91437744140625	0.21702880859375	0.3340087890625
-0.86150390625	0.2874951171875	0.4103662109375
-0.803623046875	0.35123779296875	0.4715283203125
-0.751806640625	0.3872802734375	0.52564208984375
-0.69578857421875	0.4231494140625	0.57229736328125
-0.6320947265625	0.47032470703125	0.60718017578125
-0.56133544921875	0.50182861328125	0.64954833984375
-0.4995849609375	0.52880615234375	0.67757568359375
-0.42830810546875	0.5556591796875	0.70399658203125
-0.37586181640625	0.57040283203125	0.72190185546875
-0.308974609375	0.58786376953125	0.73946044921875
-0.2516552734375	0.5985400390625	0.75257568359375
-0.20434326171875	0.605546875	0.76131103515625
-0.1378515625	0.61478271484375	0.76896240234375
-0.04797119140625	0.62242919921875	0.7743896484375
-0.978837890625	0.0117138671875	0.02319091796875
-0.9961083984375	0.05460693359375	0.022890625
-0.99284912109375	0.09198974609375	0.0202099609375
-0.98510498046875	0.14881103515625	0.0223876953125
-0.95555419921875	0.274365234375	0.02190185546875
-0.9095751953125	0.3965185546875	0.0101611328125
-0.8581103515625	0.494814453125	0.01641357421875
-0.79858642578125	0.58331787109375	0.01099365234375
-0.7411279296875	0.65298828125	0.00693359375
-0.68389892578125	0.71127685546875	0.00671875
-0.61806884765625	0.7678125	0.00112060546875
-0.54531982421875	0.8200146484375	0.00042724609375
-0.4805322265625	0.8590234375	-0.0022119140625
-0.48862060546875	0.8544775390625	-0.0016162109375
-0.41536865234375	0.89173095703125	-0.003203125
-0.3607470703125	0.91488037109375	-0.00530029296875
-0.29345703125	0.93837646484375	-0.0052001953125
-0.2325927734375	0.95510009765625	-0.00544189453125
-0.18196533203125	0.96603759765625	-0.0044189453125
-0.11711669921875	0.97597412109375	-0.00537841796875
-0.02696533203125	0.9829443359375	-0.00599609375
-0.54267822265625	0.8217138671875	-0.00490234375
-0.61843505859375	0.7676318359375	-0.00138671875
-0.68319580078125	0.71191650390625	-0.0008349609375
-0.7415087890625	0.65259765625	-0.00104736328125
-0.79853515625	0.58369140625	0.00341552734375
-0.85638671875	0.497548828125	0.0029833984375
-0.91216064453125	0.390478515625	0.005693359375
-0.95662353515625	0.27083984375	0.00902587890625
-0.98623046875	0.14185546875	0.01316162109375
-0.99389404296875	0.08207763671875	0.00796630859375
-0.99691162109375	0.0417724609375	0.00777587890625
-0.9985693359375	-0.00767578125	0.00642333984375
-0.9982568359375	-0.01130126953125	0.02420166015625
-0.9973779296875	0.02412109375	-0.01134521484375
-0.99498779296875	0.0511572265625	-0.04240966796875
-0.98822509765625	0.093671875	-0.08326904296875
-0.96102783203125	0.18124755859375	-0.1769677734375
-0.91963134765625	0.25962646484375	-0.26529296875
-0.8686572265625	0.32927978515625	-0.3412890625
-0.813017578125	0.3852001953125	-0.408447265625
-0.76062255859375	0.43447509765625	-0.45434326171875
-0.70455078125	0.47578857421875	-0.4986181640625
-0.64364990234375	0.51388916015625	-0.53899658203125
-0.57302001953125	0.55197509765625	-0.57757080078125
-0.51263916015625	0.578720703125	-0.60617431640625
-0.443125	0.60270263671875	-0.63560546875
-0.39030029296875	0.61868896484375	-0.65385009765625
-0.32482666015625	0.6355078125	-0.67250244140625
-0.2661865234375	0.64952392578125	-0.68421142578125
-0.2152294921875	0.6572509765625	-0.694609375
-0.1526123046875	0.66501220703125	-0.70364501953125
-0.06412841796875	0.6696728515625	-0.71287109375
-0.57498046875	-0.614052734375	-0.54013427734375
-0.650166015625	-0.5735107421875	-0.49803955078125
-0.75346923828125	-0.4990869140625	-0.4279931640625
-0.8434130859375	-0.4117822265625	-0.34534912109375
-0.94762939453125	-0.25453125	-0.1924462890625
-0.47382080078125	-0.659736328125	-0.5827978515625
-0.393798828125	-0.68498779296875	-0.6123095703125
-0.3737548828125	0.652763671875	0.6470849609375
-0.46449462890625	0.61764404296875	0.62267578125
-0.5591552734375	0.57755859375	0.5826708984375
-0.63776123046875	0.5340185546875	0.542802734375
-0.7428369140625	0.457685546875	0.47663330078125
-0.83365234375	0.37156494140625	0.3969970703125
-0.9427197265625	0.210537109375	0.24737548828125
-0.5421826171875	-0.59330078125	0.61255615234375
-0.48141357421875	-0.6131103515625	0.64392578125
-0.41229248046875	-0.63830322265625	0.6681201171875
-0.35948486328125	-0.6515478515625	0.6861865234375
-0.998291015625	-0.0298388671875	0.02848876953125
-0.994794921875	-0.00845703125	0.09486572265625
-0.995634765625	-0.084560546875	0.0410546875
-0.99772705078125	0.02612060546875	0.01514404296875
-0.9973046875	-0.0317919921875	-0.0366015625